
 ----- Lines 0 to 25 ----- 

[  0 182 154 168 156]
[84 56 78 50 80]
[58 62 59 76 52]
[85 48 80 45 82]
[54 78 58 61 57] 

 ----- Lines 25 to 50 ----- 

[ 73 135  73  45  86]
[159  87 159  87  49]
[82 42 78 51 91]
[164  94 161  90 160]
[ 91 162  89  48  84] 


 ----- Lines 50 to 75 ----- 

[160  92 162  86  53]
[ 71  57 101  59  76]
[139  75 134  74  52]
[ 89 161  92  49  77]
[142  75  44  85 160] 

 ----- Lines 75 to 100 ----- 

[ 90 163  88  45  79]
[146 168 154 170 152]
[ 80  55  73 137  77]
[ 35  73  58 104  61]
[110  62 112  64 115]

 ----- Lines 100 to 125 ----- 

[ 65 117  66 120  68]
[123  69  30 189 179]
[189  31 190 153 173]
[149  80  41  83 158]
[ 88 162  94 166 100]

 ----- Lines 125 to 150 ----- 

[ 57  95 164  86  43]
[ 77 144  75  32 191]
[179 189  29 187 154]
[ 81 148  77 140  73]
[ 50  91 163  87  46]

 ----- Lines 150 to 175 ----- 

[ 71 131 215 133 218]
[134  77  33 191 151]
[168  93 160  82  51]
[ 94 166  98 164  89]
[166  85  54  68  31]

 ----- Lines 175 to 200 ----- 

[ 73 130 213  45  76]
[137 223 182 211 128]
[209 126 207 179 156]
[195 154 189  32  78]
[139 224 150  78  39]

 ----- Lines 200 to 225 ----- 

[ 82 145  74  47 215]
[ 46  68  55  97 163]
[ 93 196  97  53  90]
[165  87  44 211 131]
[ 71 136 221 138 170]

 ----- Lines 225 to 250 ----- 

[144  80  36  71  28]
[187  28 188 178 213]
[128  72 141 226  50]
[ 68 122 204 123 202]
[112 204 180 219  48]  

 ----- Lines 250 to 275 ----- 

continue here:
[221 148 175 156 168]
[ 88 159  91 157 200]
[120 205  39  68  23]
[64 21 62 59 17]
[ 62 113 201 118  68]  

 ----- Lines 275 to 300 ----- 

[132 216 146 185  26]
[186 144  76 141 188]
[ 27  70 142  82 192]
[ 34 191  86 165 101]
[163  95 195 110 203]  

 ----- Lines 300 to 325 ----- 

[ 39  75 147 177 210]
[ 45  83 166  80 186]
[151 192  85 158  92]
[ 48 218 136 222 140]
[193  89  44 212 127]  

 ----- Lines 325 to 350 ----- 

[ 73 146 191  91 196]
[ 94 171 102  56  61]
[ 57  11 183   7  57]
[127 203  40 207 122]
[199 100 168 156 187]  

 ----- Lines 350 to 375 ----- 

[ 79 136 174 177 133]
[ 64  19  60  13 109]
[190  33  79 188 143]
[228 152 174 104   7]
[182   3 185 131  72]  

 ----- Lines 375 to 400 ----- 

[ 52 231 154  31 187]
[135  68  33  75 138]
[225  51 232 185  80]
[159 198  97 175 214]
[134  79  47 212 143]  

 ----- Lines 400 to 425 ----- 

[177 220  47 217 146]
[ 77 127 206 119  66]
[136 180 106   9 181]
[  4 105  59 127 171]
[149 220 135 191  83]  

 ----- Lines 425 to 450 ----- 

[ 37 197  92 169 156]
[ 40  65  18 116 201]
[124  68 139 165  82]
[193 108  11 185 234]
[ 45 209 125 174 102]  

 ----- Lines 450 to 475 ----- 

[  2  55  13 112 205]
[154  89 161  96 199]
[ 38  82 187  30  76]
[ 50 229 141 213  44]
[ 81 161  83 186 175]  

 ----- Lines 475 to 500 ----- 

[146 184  25 119 200]
[155  32 192  80  42]
[220 138  71 162  68]
[ 55  99   4 103 176]
[105  10  59 107 188]  

 ----- Lines 500 to 525 ----- 

[ 77 183 217  49 215]
[136  77  46 218 145]
[233 182 124  77 164]
[114 195  94  50  68]
[172  86 151 226 140]  

 ----- Lines 525 to 550 ----- 

[179  75  29 153 201]
[ 40 157  42 222  51]
[ 73  34 190  30 186]
[129 208 119 171 156]
[ 83 143  71 129  61]  

 ----- Lines 550 to 575 ----- 

[165 112 198  98 195]
[143 230 186  14 110]
[  8 107  12  56  15]
[115 119 159  83 189]
[ 28 190  99 202 111]  

 ----- Lines 575 to 600 ----- 

[205  37  71 176  76]
[129 170  87  41 216]
[131  65  16 114 179]
[  5 101   1 234 223]
[139 190  78 163 143]  

 ----- Lines 600 to 625 ----- 

[213  47  93 175 117]
[ 74 180   0 155 184]
[  6  97   3  47 227]
[144 186 109 204  38]
[208 110 192 132  69]  

 ----- Lines 625 to 650 ----- 

[ 21 119 165  71 125]
[199 120 157  12 117]
[200  96  50 224 176]
[115 203 113  11 222]
[148 182 218  49  86]  

 ----- Lines 650 to 675 ----- 

[176  96 194  88  42]
[68 55 63 60 24]
[120 170  66 109   6]
[226  48 211 197 138]
[192  90  51 130 163]  

 ----- Lines 675 to 700 ----- 

[ 59   9 182  78  31]
[156  41 203 130 215]
[ 45 208 117 171  97]
[199 137  67 173 105]
[ 11 181 104   3 233]

 ----- Lines 700 to 725 ----- 

[ 53 125 210  37  84]
[152  30 184 235  98]
[191  81 194 134 220]
[ 24  72 115 159 171]
[141 190  76 170 149]

 ----- Lines 725 to 750 ----- 

[ 87 164  64  60 166]
[110 189 100   7 111]
[207 131  60  14 219]
[ 27 121  70  29 188]
[144  20 222   6 186]

 ----- Lines 750 to 775 ----- 

[ 32 154 232  94 200]
[ 38 156 167  18 117]
[138 173  85 190  27]
[ 72 119 180 107  14]
[149  20 146   1 228]

 ----- Lines 775 to 800 ----- 

[185 147  22 113 209]
[ 43  71 132  55 103]
[168  63 138 224  53]
[ 67 130  75 177  70]
[ 32  65 138 214 183]

 ----- Lines 800 to 825 ----- 

[ 24 215 168  19 227]
[ 42 155 231 142  11]
[109 209 197 113  73]
[ 25 211 173 118 207]
[ 46 128  79 192  97]

 ----- Lines 825 to 850 ----- 

[  5 156 121 164 149]
[ 10 108  68 166  73]
[177   1 179   8 157]
[ 15  53 133  63 109]
[ 18 150   9 216  50]

 ----- Lines 850 to 875 ----- 

[ 98 174 221  54 124]
[ 40 161  99 234 181]
[132 206 183 230  44]
[157  33  80 153 123]
[206  38 197  90  43]

 ----- Lines 875 to 900 ----- 

[162  74 140 201 114]
[213  37 208 178 102]
[129  56  89 156  34]
[ 67  16 103   1  95]
[201 102 188  84 185]

 ----- Lines 900 to 925 ----- 

[226  23 148 174 134]
[ 57   6 229 151  85]
[177 112 210 219 133]
[224  26 122  78 193]
[ 36 122  28 217  21]

 ----- Lines 925 to 950 ----- 

[ 70 167 156  16 145]
[ 72 174 114 142 189]
[ 82  43 205 134 191]
[114  10 158  75  47]
[ 65 171  22 118  76]

 ----- Lines 950 to 975 ----- 

[149  13 181   7 219]
[ 46  90 175 123 199]
[156  13  62 139 195]
[216 166 118  29 214]
[113  63 128  48 214]

 ----- Lines 975 to 1000 ----- 

[ 52 225 233   4 102]
[  9 135 217 111  16]
[148  21 143 170  23]
[146  81 190  75  35]
[150 223  73 163 204]

 ----- Lines 1000 to 1025 ----- 

[113 181 184   8 178]
[ 72 123  27  66  51]
[132 100   2 186 232]
[ 95  47 126  67 169]
[ 90  41 160   3 183]

 ----- Lines 1025 to 1050 ----- 

[107 194  35 198 207]
[153  39 202 212 111]
[  9 162 123 211  10]
[ 21  66 132 232 197]
[ 83 229 220 129  77]

 ----- Lines 1050 to 1075 ----- 

[138 179  97 235  44]
[155   6 132 116 178]
[146  26 209 139  59]
[ 54  93 192 141  85]
[186  79 226  49 159]

 ----- Lines 1075 to 1100 ----- 

[ 20 120  28  77 191]
[100 119  31 151  13]
[108  57  22 221 123]
[149  15 101 198  39]
[ 65 224 169 158  12]

 ----- Lines 1100 to 1125 ----- 

[179   4 159  74  23]
[142  17 168 109   3]
[196 222 172 175 104]
[ 14 166  58  97 202]
[121  37  70  25 153]

 ----- Lines 1125 to 1150 ----- 

[189 101  54 223 186]
[180 235 227  77 125]
[172 214 139 219  60]
[ 63  60 138 104 186]
[ 25 147   0 106  66]

 ----- Lines 1150 to 1175 ----- 

[ 12 110  20 166 114]
[180  89 193  99   8]
[ 50 212 155  90  55]
[220 181 231 133 225]
[116 173 141  69 126]

 ----- Lines 1175 to 1200 ----- 

[ 44 165 153 233 100]
[205  35  83 193 109]
[ 55 130  48 163  41]
[153  71  19 148 218]
[198  84 145   4 176]

 ----- Lines 1200 to 1225 ----- 

[211 201 128 105   6]
[138  12 104 184  76]
[ 31 158 185 127  52]
[ 95  60  64 145 214]
[ 36 204  11 118  19]

 ----- Lines 1225 to 1250 ----- 

[228 171  86 189 115]
[ 24  57 126   0 197]
[106 206  27 145 124]
[ 28  64 121  78 189]
[135  55 161   7 195]

 ----- Lines 1250 to 1275 ----- 

[ 80 225 142   8  61]
[203 119  17  14 102]
[ 17 151 172  25 182]
[135 222  46 167 156]
[ 43 224  72 164  92]

 ----- Lines 1275 to 1300 ----- 

[188 146   3 128  44]
[116  20 196  38  79]
[151  34 174 179 111]
[ 65 160 205   2 230]
[155  30 183  12 167]

 ----- Lines 1300 to 1325 ----- 

[ 64 231 200 103   7]
[ 88 150 114 193 131]
[233 123  97  50  63]
[202 194  81 143 102]
[213 219 168 188 109]

 ----- Lines 1325 to 1350 ----- 

[ 73 131  50 234  96]
[ 26  67 149 225 167]
[ 61 229 133 161  69]
[220  57   1  46   4]
[108 210 184 180   3]

 ----- Lines 1350 to 1375 ----- 

[ 96 231 206 112 215]
[104  69 178 173  54]
[ 14  24 141 179 121]
[ 29 185 132 210 158]
[ 15 164  58 217 131]

 ----- Lines 1375 to 1400 ----- 

[  7 108  30  80 157]
[ 39  64 117 212 129]
[225 152  76 223 170]
[ 63 143 229  53 187]
[  0  93  41 123  78]

 ----- Lines 1400 to 1425 ----- 

[ 46 212 174   4  24]
[188 103 118 227  68]
[ 11  99  48 119 163]
[ 67 107  13 166  47]
[137 121 200 203  96]

 ----- Lines 1425 to 1450 ----- 

[134 196   5 140 191]
[ 84 138  70 166 154]
[ 33 192  83 231 121]
[ 19 170 147  78  25]
[214 222 127 226  78]

 ----- Lines 1450 to 1475 ----- 

[165  57 203  38 151]
[208 213 169 191  75]
[157  84 178 187 110]
[218  61 200  40 131]
[ 97   0 158 198 124]

 ----- Lines 1475 to 1500 ----- 

[ 30 157 217  24  15]
[100 201  58  14   8]
[112  12  64  34 153]
[ 91 190  77  51 230]
[225  57 147 234  98]

 ----- Lines 1500 to 1525 ----- 

[194  80 183 186 113]
[175 171 135 180 184]
[ 10   5 133 209  36]
[ 86 143 218  70  31]
[182  82 197  52  56]

 ----- Lines 1525 to 1550 ----- 

[128 190 100 118  61]
[179  46 232  75  62]
[199   2 139 153 165]
[160  19  57 107   5]
[ 85 165 217 137  95]

 ----- Lines 1550 to 1575 ----- 

[  4 156  52 176  42]
[ 84 154 121  26 204]
[208 216 171  26  55]
[113 194 158  21 109]
[219 224 221 130  53]

 ----- Lines 1575 to 1600 ----- 

[160 163  98 231  18]
[ 73 173  83 164 116]
[  9 106  27 186 216]
[ 44 203  60 126 223]
[114 169  95  24 225]

 ----- Lines 1600 to 1625 ----- 

[228  67  64 106 195]
[ 79 219 133 152  37]
[194  88 181 185 140]
[208 201  37 163  62]
[ 93 177 172 198 105]

 ----- Lines 1625 to 1650 ----- 

[181  16 187 108 191]
[ 80  24 122 177 142]
[170 231  42  54   4]
[138 124  62  75 227]
[139  22  93 229 155]

 ----- Lines 1650 to 1675 ----- 

[ 53 174 128 214 167]
[161  38 112  14   6]
[113 154  45  78 187]
[ 84 190  29  36 206]
[213 146  58 128 221]

 ----- Lines 1675 to 1700 ----- 

[150  85  40 178  51]
[157  32 120 202 199]
[ 18 218 122  14 106]
[ 58 132 190  74 222]
[115 182 187  93  11]

 ----- Lines 1700 to 1725 ----- 

[194  21  71 230   2]
[  5 136  82 190 148]
[ 89 176 196  45 108]
[127  98  28 125 230]
[227  43 133 205 235]

 ----- Lines 1725 to 1750 ----- 

[ 95 206  99  59  66]
[ 63 181  23 112  10]
[110 175 164 160 147]
[216 140  59  54  48]
[102 169 158  47  70]

 ----- Lines 1750 to 1775 ----- 

[177   3  56 196 202]
[155  39  35 149 137]
[ 13  17 155  81 221]
[165  14 159  30  74]
[234 103  17 117 228]

 ----- Lines 1775 to 1800 ----- 

[182 185  49   7 204]
[212 172  91  40 151]
[126 217 161 169 131]
[ 47 178  10  80 180]
[184  29  26  71  64]

 ----- Lines 1800 to 1825 ----- 

[ 77 169  24  99 170]
[ 20  23 138  80  44]
[ 33 155  64 223 226]
[194  76 112 201 197]
[216  36 162   6 232]

 ----- Lines 1825 to 1850 ----- 

[101  34 189  87 153]
[203  34  87 141 116]
[168  59 204 141  52]
[ 55 173   5 220 121]
[ 31 155  72 116  43]

 ----- Lines 1850 to 1875 ----- 

[178  81 193 183  22]
[ 15 104 167  11   8]
[118 122 135  64 161]
[ 95  20 113 224  75]
[ 47 167 216 207  24]

 ----- Lines 1875 to 1900 ----- 

[145 150   3 181  79]
[225 230  85 185   2]
[233  57  54  45 138]
[186 183  32  25 144]
[147  22 152 162 165]

 ----- Lines 1900 to 1925 ----- 

[ 21 185 114 100  16]
[201 197 160  70  66]
[ 61  58 195 175 171]
[ 93 203 118 209 216]
[223  49 127  61 112]

 ----- Lines 1925 to 1950 ----- 

[ 50 182 188  83  42]
[134  72  23  94 168]
[122 200 203  37 192]
[ 77  65 144 148  36]
[197 126  81 151 176]

 ----- Lines 1950 to 1975 ----- 

[215 219 136  61  12]
[107  90 173 170  40]
[213 206  10   3   9]
[ 90 203  13 167 162]
[158 155  41  38 175]

 ----- Lines 1975 to 2000 ----- 

[ 76 217 224 230 233]
[104   1   4 144 212]
[ 54 145  79 168 172]
[ 18 141 128  35  25]
[ 55 202 207 121  80]

 ----- Lines 2000 to 2025 ----- 

[165 197 203  28  76]
[ 62 202  98 135  56]
[ 44  41 158  86 209]
[ 39 171 114 200 178]
[181 188 142 232 235]

 ----- Lines 2025 to 2050 ----- 

[  7 179 108 196  39]
[  3   9 155 191  28]
[137 225 233 229 208]
[ 61  94 207 200 193]
[123 126  76 189 180]

 ----- Lines 2050 to 2075 ----- 

[ 59 129  43 154  11]
[ 19 225 218 223 218]
[212 115 109  47 115]
[226  46  52  98  29]
[161 169 166 224 179]

 ----- Lines 2075 to 2100 ----- 

[157 145 199  90  16]
[ 13   3   9 140  22]
[123 164 229 233  89]
[ 62  69  75  42 202]
[ 91  26 180 186  94]

 ----- Lines 2100 to 2125 ----- 

[120 125   1   4  11]
[139 218 211 216 223]
[218 156 160  39  86]
[ 17 164 174  66  63]
[ 56  44 113 104 230]

 ----- Lines 2125 to 2150 ----- 

[227 233  63 161 141]
[ 67 156 198 192 201]
[205 213 219 215  21]
[111  96 167  67  30]
[152 225 228 225  85]

 ----- Lines 2150 to 2175 ----- 

[137  20  23 232 177]
[ 59  21  13 178 129]
[216 209 204 200 203]
[168 172  74 194 183]
[ 19 117 113  13   3]

 ----- Lines 2175 to 2200 ----- 

[ 10  77 150 144 215]
[220 224 218  57 196]
[193  75  69 219 121]
[198 104  33  29  25]
[107 191 181  53  30]

 ----- Lines 2200 to 2225 ----- 

[188   8  14 119 184]
[109   4 232 225 128]
[181  30  22  98 233]
[225  68  29 158 164]
[160  78 143 130 174]

 ----- Lines 2225 to 2250 ----- 

[168 171  76 178 140]
[228 222 218 211 203]
[199 191 185 105  28]
[116 200  95  41  35]
[ 46  70 209 215 115]

 ----- Lines 2250 to 2275 ----- 

[112 192 198 190  51]
[221 218 224 162 211]
[204  40 228  14   6]
[  9   3 232 134 202]
[ 94  88 188 182 186]

 ----- Lines 2275 to 2300 ----- 

[180 147 157  82 148]
[145 191  53 171 166]
[176 173 123 126  31]
[102  99 191  30  78]
[ 65 213 218 212 125]

 ----- Lines 2300 to 2325 ----- 

[120 178   9  15  21]
[ 27  20 163 167  82]
[134 227 222  47  38]
[ 87   7 132 219 204]
[199 202  60  55 185]

 ----- Lines 2325 to 2350 ----- 

[195  87 148 217 209]
[  6 108  39 162 171]
[ 69 116 113 116  15]
[  6 233 229 225 219]
[ 80 179 186 148 141]

 ----- Lines 2350 to 2375 ----- 

[ 16 169  81  46  49]
[ 10 169 154  54  57]
[  2 183 180  57  54]
[164 101  18  21  28]
[ 36 120 130 205 113]

 ----- Lines 2375 to 2400 ----- 

[ 37 164   5 185 191]
[198 125  48  51 109]
[112 211  43 195 190]
[ 73  70 140 144  37]
[222 227 235 142 138]

 ----- Lines 2400 to 2425 ----- 

[112  88  92  96  26]
[ 20 171 177 170 174]
[105  72 221  25  32]
[130 191 181 138  10]
[ 15   7  74 212 204]

 ----- Lines 2425 to 2450 ----- 

[199  86 211 215 118]
[ 18  21  73  54 200]
[151  59  63  66 110]
[  5 127  17 179  98]
[197 176 209 120  13]

 ----- Lines 2450 to 2475 ----- 

[ 50  40  44 177 132]
[158 149 230 225 217]
[212  90   0   4 203]
[ 97 100  38 205  21]
[160 169 166  97  65]

 ----- Lines 2475 to 2500 ----- 

[231   0 103 216 147]
[144 111 213 157 154]
[ 48  93 198 190 181]
[  8 145 176 170  62]
[ 59 134 138  72 115]

 ----- Lines 2500 to 2525 ----- 

[191  34  27 151 191]
[ 57  13  21  79 185]
[182 186  74 228 223]
[135  54 189 132 121]
[205 209 202 199  50]

 ----- Lines 2525 to 2550 ----- 

[225  84 158  48 136]
[ 21 144 140 213  73]
[ 54 122  77 153 172]
[163  36 126  93   9]
[  5 104 168 165 222]

 ----- Lines 2550 to 2575 ----- 

[219  28  31  59  69]
[217 211 145  20  23]
[117 194 191 125 221]
[ 68  65 122  61 177]
[173  30 182 141 185]

 ----- Lines 2575 to 2600 ----- 

[  1 229  72  83 191]
[ 41 104 125 157 211]
[ 40 200  14   9 180]
[153 148   5   2 159]
[156  63 164  79 226]

 ----- Lines 2600 to 2625 ----- 

[  5  45  42 162 102]
[ 99  61 220 128 215]
[100 176  11 120  55]
[ 51 131  80 176  37]
[ 40 169  68 116 223]

 ----- Lines 2625 to 2650 ----- 

[226 128 212 209  31]
[139   3 233  50  46]
[176 196  71 214 211]
[ 64 230 132  99  85]
[203 200 187 136  30]

 ----- Lines 2650 to 2675 ----- 

[ 14 209 140   8  89]
[201 182 166  24  77]
[209  52 220 150  87]
[176  27 116  94 213]
[172  87  35 218 162]

 ----- Lines 2675 to 2700 ----- 

[ 80 136  52 228  80]
[217  55 145 213  44]
[156 230 145  17 132]
[231  54 192  26  55]
[123 200 102  54  21]

 ----- Lines 2700 to 2725 ----- 

[164 120 106  75 194]
[187  46 206  50 114]
[183 117 124 156  76]
[ 84  44 234  71 232]
[ 46   4  76  62 156]

 ----- Lines 2725 to 2750 ----- 

[  1 103 168 161 115]
[ 63 190 235 102 232]
[171 154   0 171  76]
[ 36 177  17 193 135]
[ 88  19 183  34 131]

 ----- Lines 2750 to 2775 ----- 

[ 61  54  43 173 150]
[133  99 209  27 228]
[ 83 199  12  38 116]
[176 233 193  16  80]
[158 221 119 166  53]

 ----- Lines 2775 to 2800 ----- 

[ 57  80 152  17 207]
[106  84  20 214 198]
[105 150 195  40 227]
[ 33 142  89 229 174]
[ 59 114 127 164  30]

 ----- Lines 2800 to 2825 ----- 

[143  99  94 169 198]
[138  22  78  31  56]
[ 65 153 220 158  82]
[ 96  29 208 183 107]
[140 126 215 188   9]

 ----- Lines 2825 to 2850 ----- 

[172  85 113  58  20]
[  6  22 178 145  71]
[ 79  48 140 212 122]
[228   4 147 181  13]
[185  69  91  37 146]

 ----- Lines 2850 to 2875 ----- 

[164   1  92  66 165]
[175  91 112   4 134]
[190 131 222 119 124]
[ 69  32 187 152 182]
[136 106  99 173  59]

 ----- Lines 2875 to 2900 ----- 

[ 68 214 206 182  58]
[ 23  26 107  65  68]
[  0  81   7 108  46]
[202 157  52  91 233]
[105 223   6 157  34]

 ----- Lines 2900 to 2925 ----- 

[  0 217 176 179 106]
[  4  84 172  42 157]
[206  48  14  64 206]
[ 92 117 230  55 139]
[218 175  57 203  58]

 ----- Lines 2925 to 2950 ----- 

[ 76 186  99 228 146]
[190 156 185  18 205]
[214 157 205 116 217]
[170 176 219 105  63]
[ 53  16 164  37 210]

 ----- Lines 2950 to 2975 ----- 

[ 44 126 122  53 160]
[ 22 133 123 150  12]
[48 19  2 80 99]
[132 197 187  71 133]
[ 91 167  38 135 129]

 ----- Lines 2975 to 3000 ----- 

[ 73 186   5 120  32]
[148 104 141 157 145]
[217  65 120  66  22]
[153  60 143 115   3]
[135 104 211  17 120]

 ----- Lines 3000 to 3025 ----- 

[234]
